JOB_NAME=2365560a_y71
ODB_VERSION_MAJOR=6
ODB_VERSION_MINOR=1
CREATION_DATE=20220820.090808
SAVE_DATE=20220820.091208
SAVE_APP=Genesis 09.07b2
SAVE_USER=1
